87062374513
70042949368
57070843873
68100217281
80071113568
58121156393
55042672243
73091424567
89100324122
60062195366
72040163352
59030627457
91080427472
46082641559
01312026397
77052635711
96062786648
99042898434
58122033969
78090351593
81043054566
54060144323
77082419589
51051033282
92031139446
95051611136
61120525644
58060572111
88031584232
99072262225
74092186388
74090545866
99112417417
61040517826
51120657261
74111998521
88080824477
86081527672
68020517991
94071028399
52020658211
57052421552
96100792585
61110916557
86092132276
75072922936
73032974942
83051975389
80080339719
68042192428
63010646129
60080421199
50020383753
47111424952
89111276764
45022394621
85070558996
84121296377
74060343669
48033072128
91100541368
94072124568
87032066846
92101338319
75082076711
92072675176
87121972476
02261711527
50113016227
69070133126
90081112628
55041619977
62090598977
46030738571
81102483548
51120267945
82080638294
76090276234
88080247283
97072341962
90021441768
78090579614
81100335311
85062726712
92123098262
50100897572
60102357343
46020791664
95092735716
71031448772
58103113585
68030281811
82050173811
92032678816
45062672239
59032093313
60020949529
48112326113
91112615154
72071645224
59070394229
71070794687
92030334316
93050589739
53061765799
54062045899
57042451437
59080295569
50061215132
03321633333
78090269696
49110616479
02211947439
92010962191
91011016137
88052862779
64092869316
62081923953
55010796669
53010912616
71011954316
48093021746
55101763125
74110226865
02291081539
57050241211
87062864362
90111099765
76061111612
93120346822
00262023917
53100113163
58041673192
53070155444
65072463171
92071519688
66120742585
91090236822
52090247872
90122597119
45112738115
03262391345
84081757817
72042097553
78111138426
57112174572
86102259676
51040777461
92121749931
76040726529
99111413964
02300288689
86092723153
47121021112
47032872623
99050995622
83032943873
93071087527
74040371817
54081269988
95082633617
59091685243
94032684871
75062637512
92112877834
91072021925
73012625174
82092715819
00222581877
90101857544
94011175323
52122062682
60070627747
73091189859
91020674632
02221719217
78021341295
48081513451
00311941487
69092742137
81032798295
80062356756
90031266292
00211286512
51121337485
69052652283
95102266371
79031894517
91012092686
98051626227
53122519716
95111112742
96083032221
91092272446
58010541383
58030191139
03221099479
81102295396
76040585171
85032036447
65081967554
80041485989
89090787998
49111033257
57112315319
71042467524
01260976344
52121088715
03302292674
49012037769
02222621818
48010421435
54031087747
87082163814
88071014216
90060845246
70040988613
59010351891
51011173645
88011128443
62030777992
80071497635
77122666988
86092956944
94090366546
82101797995
90082374911
81012229847
86092263174
83032177184
98111636649
77040937838
72051788347
54110852291
96090824534
74070322731
00272757521
84101854199
57040198246
77010672848
92011957236
81052314444
84010452372
73010147483
92102246923
88071053446
99070447572
63091038888
77041642148
71010448313
75020153746
64122465969
52101928169
69052126764
87010434133
46041277515
46011718671
54112646517
81022059683
89112745928
82123127268
93051927156
58073123742
69110582491
56100324629
82041231195
83092654896
73070643756
66031362665
82040284125
91031889675
72121661637
63030159665
53100821392
86031736369
49121125674
82090413788
86042072757
69120367794
71060388252
80030543616
03261116411
89120148663
03261228116
93080522157
54082285248
75070352423
71040364625
59010222667
49110646386
48061921717
55022764186
88050566736
01242126738
73061316757
68110225825
66120169951
76062535268
66120513927
57030721928
54090937872
81091231452
94031671326
53111884478
65121096938
67090943116
48052026991
92051776852
75110995557
55021121258
47021364238
80081064124
96120221818
94060179774
00311499287
45080431311
88071417521
87110682461
80122751284
62030678279
03221531294
47021094663
58102475334
57022043467
02312725811
03241474461
49072823443
79080339775
89010771113
76071316216
46112548821
57120616833
65092587989
90112489431
73032645912
45050526829
76022842869
95072951475
84062664435
78042226311
97011058249
86050993491
89081866682
49053117336
89052879585
58082023664
95101952824
92102499598
53020992468
00210653823
64112374789
78021591423
48090417269
01210535478
47010867557
60042475673
95060211734
91040195971
45062337736
56092094845
82111488139
62051995175
67081635884
82021577161
89030873336
77121626444
70022463583
45081328386
50121243633
82071276485
01321721775
74030953593
55062071716
65070668653
73082489384
75011413149
91011189411
56111075372
56050884211
60121981723
69091144336
61112413786
01232285687
56081113953
62042325248
69030524951
48032353675
77041872578
62092232161
61081428734
00271625685
64061031328
46111158278
66052465475
82060992523
74052533452
61081327521
60020295972
76022083514
90111068116
99081264199
65111736747
55123056262
65082213913
76080749126
52120718714
88031949363
66080192192
97100454277
72021217224
62062829232
91103168841
01283133328
95080162292
79081736236
74030312789
70120231781
02282038812
91050726912
45123133262
03250988786
00281594542
50112423837
46112882781
71062321736
50122679963
02262444886
80082561521
95120437791
87061636553
92030824547
47022022867
77042424378
94022266465
53011856843
71081331916
96010579344
60012623646
86092958274
63050461366
52100629115
91112942847
89021024259
85011575992
57060146821
81052168661
67120987521
67121928363
91032093528
61111315942
97071653945
68100846618
80020283746
73121531829
59082136433
76061034171
48110244181
91123015268
68080178851
88040527123
03221748762
55091451378
51073058764
78062531879
62100764385
72061372983
66120531259
49040882876
83110247444
58072347372
80051961541
94070749686
46090913877
83010845571
01242922785
83031518858
02312897996
54112566769
46062314826
45021325745
89081145143
63070164544
84051148865
03293012961
71110268479
49051878985
66123091631
98020786718
94082726662
96011392997
97050965117
56050699116
81101552294
98121881736
79070866836
78112366242
93100198359
70011697283
02231199876
63081476595
78051112937
99011558279
95093055958
78011913695
56032935166
94080371827
81032131571
78041659992
52022198698
72020357798
85040845271
59080985251
49112824526
68022275482
71092115477
82080166814
02270417968
88082893543
68032217975
60020771472
66031958684
54010314125
00210615274
50052396651
81042179268
55010648478
96120522216
93020277471
95112875758
99031725983
47082764729
90071987391
99052565852
67072059323
50051436729
58102884297
60092517297
92020618789
03212242622
00250865932
71010929177
54010773113
58112633694
63032738897
88032624858
68041716711
72071589735
01311861292
79101498148
90091938788
96120791395
91032276949
66031521345
60082476234
51031451831
53063011447
94020154861
51041743283
86030134335
67080653421
79020487977
01283094115
94122425223
78062249961
54092043456
83121597471
98092945776
50061836254
95112586492
45110572577
86091277783
97120259676
60081272534
63081317577
91040266369
92080457331
54062658958
61082412611
77121882398
66102832752
93033119353
61090436997
46080924177
00310789699
79051638993
86071261836
86121527617
65041582287
79040761985
91013061258
60061098257
71120847796
46013083492
61012299529
82110547714
88062751847
03220213511
91021635784
58111126652
54021183367
76091944392
45012155397
93090736333
77072952113
69090452339
78011137286
46020753564
54071127221
95062286998
02312041623
78080335385
69082043589
78080179288
52101297986
50091362356
48041514878
74042157316
67121476248
00321819992
63091199372
49031268681
79040438135
63112541852
77081339176
83051863318
65090418649
49040297186
55013117463
87040577978
47011847628
88100467974
71090265211
96102828349
70100985138
77010987939
52091146583
45092145972
68110655167
45102553357
64022282545
47020445514
60070543681
47061291194
00271026769
88091287476
93040169789
83081281184
57112972293
94101255692
53061279364
92020988934
78122256564
94022029769
78090462259
60050133343
89012824918
55081218477
93030166754
84022267771
93101269197
84010977392
50042244229
98092592534
90090164788
50022831131
90101588147
78101611427
83022087974
64100256826
66080457936
72071075252
73081391529
95121745525
98032195854
58111776345
45073093296
69061156499
88091348655
00220556561
82090244562
62100128415
49022717138
69052232654
61082368561
86101993122
84112419439
85070969868
65081044224
99110867344
73021472884
64071241111
75032333255
59030765331
80042123949
70061366379
63021035451
00242669847
68071347464
00241616994
84060929172
73093018391
83070958624
73032357251
98082638682
65022328196
71070648788
76113044323
83041085371
70120836696
97102391888
68110775948
67051221121
89050795216
73052375325
92021211264
99022159616
68061149447
81091859632
84091295172
92030781859
75021452899
69020923896
00321543321
68060523376
91070679939
02212782516
99091498692
87040183351
90100895477
99080954745
98062257823
95051151164
89123173565
88111693584
02261756883
93052967454
81092073796
85020961568
83101022638
79061247318
96062429321
02282421452
85102285148
93091282727
79060318653
66091469832
87041223786
66091935186
76101495151
98100998787
95042453615
91122699139
78083121244
78071662618
66053013332
84111839618
96011168471
69010464756
72022743544
77111415346
81090749527
87041163231
03322642792
72010356451
90010136578
82092315477
68112685164
84081659362
95091037499
00222715744
94121367252
81112858482
89060766868
68050345256
99020273141
65043096232
03311848877
98061775472
74032159744
92051746389
01222627275
80022611664
02240444725
70092379988
71040798435
97092746486
02212046274
02270658323
93121844947
92110562257
92060325461
88101535122
79052648728
74122956893
75042372479
65121773259
69111498522
90101951798
67012436661
75031625362
72121533428
74032481418
03221088826
77041988253
76051121584
93081676831
65110254679
79012532681
71081287835
02221476556
66102527784
87012776341
87111868341
73051999991
70012087461
99052147898
80010616127
92120434315
71080375357
68080153447
78083014445
81101599194
01310962246
01232671237
85052189864
93042642949
90090694362
88021659791
96082372867
03261031859
71041156483
66091296674
92071256747
88053069496
80073168191
67101016295
95011047982
94092086594
74123016552
86080996923
72071447369
02221585562
80072519295
90042141614
68062245975
68092649918
81111935269
92022837878
00211397797
80042589781
68120117798
97121067221
95032497696
83091957532
86100121452
93051598556
99122383234
97051997551
97120699881
88091878834
93010214455
67013147939
92100399883
99052619384
78060636262
80010473524
83121037119
85071677676
84050494998
92111471725
71121195218
70031367315
92090551654
68011051372
81071157226
92030156259
81123047567
98052338343
70102839121
99082142377
73081859537
79092995473
79080927277
79050195277
79060338543
79032973479
02302817663
97050412312
74060484485
03230815684
90052735724
79092978951
03251253553
73061138287
93060982243
70052796855
78110937484
69103046357
93112319915
65080651586
94060482146
65030547693
53021628539
89121896923
93081955279
60010594483
56010999755
88101058393
99081419292
67022367719
76101095344
01241533942
64022241672
73071729158
74041726135
91010885684
76032268433
85120872766
79092444175
57070112591
59021347641
01251756311
90050727442
01282537758
84052756539
60012796722
56012912868
94092396116
91110898546
77041965391
88021994966
53022532958
96101755196
92040986668
90010822884
51021194971
59041327715
69031616611
58081248958
52042995471
88081052316
99101289959
87021624998
95052738494
69120772141
66041558861
87031378874
64031244769
54101478958
58010699741
86062022921
73022057655
71011275314
03320694524
97102668566
72011893492
71102739817
98072582652
54110494655
58091415739
78100414274
81020743937
63022168619
94091474154
81040146725
90042345636
62061452794
62010975473
51102467747
02292126143
90081276894
65092673781
83120976473
89110114225
00263094222
88061265598
63111137261
73030513299
74072751872
54050436919
68062913461
63050599124
79082626372
84070477836
99011089427
79061854846
93091323383
68091613198
76080347737
76021818874
87041749998
89071562396
66101381196
85081489333
02312461597
74010539142
96122421513
80032975828
66062272762
61102158736
