1101011110000110100110110111
1110000000111001111010001001
1001001111110101001100010001
1110111010011111100000100101
1101110011110100011100101010
1110000100101110101100100101
1001000000100101000100010011
1001000010001110110011101001
1101011011110110110000111111
1100110001011011101110101001
1010111010011011010001111100
1010101100110000011001101101
1011111011110110111111111110
1000010001101101100111000110
1001001100101011010010001011
1000010101110110011001000000
1100101110110000100010100101
1111101001101001111100101010
1100011100010010010000100001
1000110010000001101010010001
1001001011010110100011000011
1010011110010010100010010111
1100011011010010101101000101
1001001000011000011111110110
1010010001101000000111111010
1100100001001000110001100111
1001010101111100101101111100
1100001101110001101101000101
1101000010111011010010001010
1000100011001011001110011010
1010101000010010110011111010
1100001111001000010000001101
1110011011000000101001000100
1000001001011011001100000011
1101010000100111010110100110
1010011101101100001101110101
1000010001111100000111111001
1011001111001000010000100101
1101011111110001110110111100
1110100001101000011101111111
1100101011110100101101111001
1101011001111000100110101011
1001110000110000100000101010
1110010111000101110010110000
1111111100001101100001001010
1100101100000010101111001010
1110110001011010110001000101
1000000011001000101101011010
1011001111101101010111010110
1101011110101101101100011100
1100001000100000000111000111
1110110101010011101000011000
1101101110001010000010100100
1101000111011110111010010100
1001100011011011101000001001
1001110001010111010110101110
1110011111100100000001010111
1010000111011110111111000110
1001001111000010100111111001
1001010011101110110100100111
1000101100010011110001111111
1001011010100011011000001110
1010101100010110011010111110
1011111101110000101010011110
1110011110011011010100100010
1000000111011101011000101000
1010000010110100000111100110
1101100100110110110001100110
1011001010010011001001101001
1110001001010111100011010110
1110011011110000001001110001
1010110000100011110001010101
1100111111100011101100111111
1111010110011001010010101011
1010001000110011101100100000
1011010001101010000000100100
1001100011011110100101110111
1011100010011100101100010010
1111101010011011001111100001
1110100101000010000101000001
1011100111001010010100000100
1110001101111111010011101010
1110000010011100011101111111
1110010011111111000000111011
1111000001010100111110001111
1000000100001001011011111110
1001110110000001101011000110
1000111100110100010111011000
1111001000011101111000001011
1011101010110010011010100100
1110100000110110110100101110
1110100110011111010111100111
1011101011111111110011010000
1001111110011010110100000100
1100010010101110000001101100
1101101000100100010000011010
1101111111110000001101011101
1001101010011100111111000111
1000111001010011101000000111
1100000110010101000000110111
1001000011000001001011111011
1100001010110001001010011001
1100011110100110101111101011
1000110101101000111110111110
1000011111000011000000010110
1010100011011000001011100100
1111000110101011110001111110
1110100101101101001111110001
1011010111110101010011001000
1001100110110110111100101010
1010111110000111000100011001
1010010111101101111001001001
1011010101001110100011101110
1000001001111000101000111001
1101010011000001000111101010
1110011110010001100110101010
1001100000000010000101101000
1010001000110000011011000000
1101000100111101000010001111
1111001001101101100111001111
1110110000111110010100110110
1000010000101000011101101011
1001100111001111100010001010
1011111011100101010010111101
1000011001111011101111100010
1100000100010100111001110000
1010011111000011101100101001
1010010110010100000110011001
1100001000110001110101100011
1100011011111110101011111010
1110101010100111101011101110
1010110001100011011001011101
1011100101100001100010000000
1101001111010111110000001101
1011011000001110011000010101
1010000000111100100010000111
1011111001001000111100100101
1010011001111001100111100000
1100111001000101111000110111
1110100110110111101011010010
1001000101101000000000111001
1010110010001110100110110000
1110111011000101110010110010
1101001110010010111101010111
1101001110101001000111111100
1111101011001000101111010100
1100100101111111110100100000
1000111100100110101110001000
1010100100111011111010001000
1101010100101111101011111001
1110011100001110111100110000
1111100001010011000010100010
1010000000001101111010111000
1001110110010000001001101000
1111010010010100101100000111
1000001011101101010001101001
1011110010111010011001000101
1000111001110111010100011000
1101111000001101010010000000
1111111000011100011010000000
1111110101000100011011110001
1111101100000000011100010010
1111101011101110011001011100
1001111101011001001110011111
1011011111110110100111010111
1010111000010111111001001110
1101010100010100111011101111
1011011110100110111010111000
1010111010001100110010010101
1001110111000110100101001101
1001011011000111011101000011
1011110010100101001010011100
1011111111010110010001010000
1001000111001010001101110100
1100100011101010001000100111
1110100011001110101101100111
1101011010111000100011110000
1111000010110010100101100001
1001100100010010010011111000
1010111011011111000101110011
1110001100011000110000010111
1100100011110011111110100011
1111100010000001101101001000
1011101010000010010111110010
1101011000010010110001110100
1010011100001100100011100011
1010000011010011110000010110
1100011000111011000011111000
1010110001111110111010111001
1001011110001101100000011010
1110101111101101101111110111
1001101010010111001010111000
1110001000101000000111000110
1100000010100110000011110011
1011000100101101001010111011
1110101110000111001000101100
1101010011101101111100010011
1100110100111111011001101000
1010011011011111011011000110
1001011001001111010100111000
1110101011001010111011011110
1001010100000101111001000011
1110001111111010111101010110
1100111010101100100001110110
1101001111100011001010111100
1101011110100110000100001101
1000011101110000110111011011
1000011110111000000011001001
1111000010011011111100100010
1110011011101000110101111001
1000000100111010011101110011
1110001011011101011010100000
1111001110100111110000110010
1110000000100010101101100010
1110110010110011111111011111
1001011101001011001101000000
1001110011110100101101100010
1010110010010010001000001010
1001000011111111100011101000
1010101111001000000011010100
1111101001010111111101010011
1001010011001110111001111101
1010001000111111000011011101
1101001101000111111010010111
1100010100110101111100100010
1010100101111111100000100111
1101000110111011100100111110
1110000000101100011011110110
1010010101100110000011111110
1001011111111011001011001001
1000001101101110110011011111
1000000011000011110001010110
1100010111010110110110101110
1100001010110010100110001100
1011100101010110010110000111
1101001100101111100100001001
1011110110010001000010010101
1100101100000000100010001011
1001101101101000010111010111
1010010010111101110111101001
1000001011100110101000011100
1000111011011110001100010011
1111001100110001010011000001
1011011001110101010111010100
1001011110100100010010000001
1001100011011001000011111101
1011010001001010100101010100
1110011010010011011100000000
1111011000000010010111011110
1010000000001000110001000011
1001101000000001110100111111
1010101000101110001111010100
1010001011010110110100010011
1111001011101110010110100111
1001110011101000110011111101
1011110000011101001000100010
1101010110000101111101001001
1110010010010011111110000100
1110100001000110110010100010
1000000000110010000110111010
1000001010110101101010110110
1011100101110001001001100011
1101110100101101111011101000
1001111100110011010101000101
1100100100011000001101100101
1100110010010011101001100010
1110011011111001001010110001
1011101010000111101110100010
1111100001111111111111110001
1111001100110110010010000110
1110011100010010100000000001
1011101101001000011111010100
1011100001010000011001110001
1001110010000010010001111100
1110100011101011010001010111
1000100111100111111111011110
1011101111000111010000010100
1101011011101100000001110011
1011010110001100110011101110
1100011010011011010011101011
1011001001101000101101110001
1100111000011010000110010110
1000101000001111000000100010
1100110001101100111110100000
1001000101101011010100100001
1001010011001011010000010000
1011001001111101010000100001
1100111001111010101100010101
1101011001111101110000000101
1100001110101011001010010110
1010100000000000111100100101
1001100010100001110011010010
1001100001110011111011010111
1100110111011010010010100001
1101010110110101000101000010
1101001000000001101110001000
1010110010001001110110000101
1111100011000001111011010001
1101110000110111111000010000
1000101110010111100110000100
1111111010000000011110101000
1110110010110100010111111010
1111010001101001001100110101
1000001111111001110101111110
1010000001101101100111000010
1000010001110010101100100011
1111110101010001100111011011
1111000000101000101110111011
1100101100000101001110001010
1110110110011110110010000100
1101011101010000010111011001
1110110110111000101101010010
1101001001100000000110001111
1111010101101111000110111010
1010101110000010101011100110
1101010000110100010000011110
1000111011110101000101001000
1100010010101111101010001110
1000011010010110111011001010
1111011100111011110101010010
1001101011000111111101100010
1011101000100101001111111010
1010011011010111111101100111
1000110000100101111000001101
1011111100101101011010010100
1100010000110100000001101100
1101101001111000101001110110
1000110001110001101110000010
1010010000010011101110001000
1000101010101110001001111101
1001001110101111101000000101
1101001000111010001100000101
1111000110101010100000000111
1110000001111001101111001101
1011101101101110100111011100
1101001010001101111010110011
1101110111011011110100100111
1111100010100010000010000010
1110010010100010100010110110
1001010000100110101000001010
1000011010101011111110101011
1000111111001111001001100111
1011010110100001011010110110
1100010011001010011001001010
1000111011000001011101101000
1101011100111111100010101100
1000110011001011010111001101
1011101001111111110001111100
1010010000011000010100011100
1110000001100001110101111001
1010001100111110011101101111
1001101111000001010111111000
1100110011111011011001100011
1111100101010010100110001100
1111111110010000010011010001
1000100111101100000001100111
1001000110100010101001111011
1110010110111010110111101010
1110111011000101111011101010
1110100011011010010011111110
1001111001001101101100100100
1101010010011011001001011000
1101111101010011111110010011
1111000100001111000000110100
1100111000001011010011110101
1101100101111101111011100001
1010110110000011000010001111
1101100110100010100000010000
1110000100111001101100010000
1011111010011000110110111110
1101100000001001111000001001
1110010100010000011001010110
1011111110011101010110111110
1000000010110100100111110000
1100000111010011110010100011
1011011100101010101010100101
1110011101100101101100001001
1100001100111110110011101000
1001111000110000010010011010
1011000101111000011011011000
1000110001000110100010101000
1110110011100111100110111011
1000000010110011111011110010
1101001100110100100101100110
1100000101011110110101101101
1000001001110000011010110101
1001001100111001111100011000
1001111011011101101110101011
1110101101100000101110001000
1001001101001010111111001010
1111001000000111000011101101
1110111100010101011100101000
1111100000110111010011111110
1110110110000001100010101001
1000010010101011110111110000
1110100001110000011011001101
1001110110111000011010101110
1000101101010100011010010000
1001000011100111000100101100
1111011110000000110110000001
1000010001001011011001101000
1011010011110100000001111011
1010010000010110110011001110
1010000100000000011011110101
1011011000100011010011110011
1010010100010001001110000101
1111000000010111110010011111
1100110111010000111110110111
1001001011011010000000100011
1110011101010100111110011011
1010101101001011110000010100
1001110000110000110010010101
1111101101001010000011010110
1011101001101110001110010000
1111011101110010110110111111
1001001110100101100010101010
1001011110100011110010110000
1010111101010010000100001110
1101010011001110001101001101
1010100010010101110001100010
1011101100010111111111111001
1111000100000111110110110010
1100011010011000011001110101
1010101110001110100100001111
1100111011110001101100011011
1011111111111110011000010010
1100111011000000100100101101
1001100011110010111010100100
1010111100110001111110110010
1010111111101100001101011111
1101010011010010111101101100
1110011010101110011001001001
1111111110100011000011100101
1011010000101101100100011111
1100101000100011010010010000
1101001010100101000111110000
1001001110111011111100010100
1001010000001010010111010000
1010011100111000010000011101
1010111001000000101110101110
1110101111010110101110101100
1001001110010101010100010011
1000010000010011110101111001
1001111011000000000011100010
1001100000001100000010001100
1101010110000001010001010111
1010011101001100001111000011
1000001011101100010101100101
1001111001000100110000001000
1111000011010100101000110011
1010111001101100101010001011
1001101010110111010000001100
1111000100010001111101101110
1111001101000001101011010000
1001110101101001010011000001
1011000101010111001101100100
1101001100111010001101010011
1100101100010110000011110101
1101011000011101101010111101
1000000111100100011101000110
1011100011000010010001011101
1101110100000011000011010011
1000111010000111011011101110
1101111001110101110110101111
1101010010000110011110010011
1101111110100111101000110000
1000001100101101100001111000
1001111100001100100011011110
1000010001101100011000011110
1101110011100011111011110011
1000000010010010001100000011
1110100000110011111110111110
1101000001100000101000011110
1101100100001001000000000010
1101001001010011010101100110
1100101011001000100010011100
1110011000110000001000001111
1111111011001100100000001000
1110011010101110111111111101
1100000100101000111001100111
1000010000111101000001011110
1011101011010111111011101100
1000001001000100101111011000
1010000000011111010100010011
1101001111101000100101011110
1011001011110110110011001110
1101000011000001101101000000
1111110100011101111110010110
1011110001010100010110010010
1101001010111100100100001010
1010111110100110110001010010
1010000010011111101111011110
1101001010001011110010001000
1100110001101001101101011110
1111100100110001001100101000
1101110010110011011100110010
1101011111100001001011010011
1110001111111101111110010010
1111111011111011001100100010
1101000111111001111010101100
1110100010110010101101010101
1011101100011100010111010010
1010010000101100101001110000
1010000111111110011011100000
1111011011111001100110010001
1010101110100100111110111100
1011000110101000001100101110
1111000100101001010110110001
1101101011011111110011111101
1111110100001101011000101001
1011101111110110101100110110
1010101111111101001000010001
1100101100010101111001001010
1010101100010001101110111001
1001100001011010100110010000
1000000100111100011001101100
1110001000110010101110110100
1011111011100101010110011110
1001101101000010101000011000
1100000101110000110011011110
1000110100010110100000010101
1110110001111111110100110011
1110100001000001000111110000
1011111000001000001110101100
1100110010111011000000000110
1111100101001000110110100101
1010000100010100110011001001
1111101001011011000111010101
1110001110011110000101000111
1101101110110010101111011011
1101010110000100010000110001
1001010101001001100011101011
1011010011000011011000001111
1011000001010100111100110101
1010100110110101011101010011
1111001000010100111011101010
1000000101000011110001101101
1100010001011011111001110001
1011011000010100001100100011
1110001010110101110000010100
1101000011100000101110110010
1001010100110111100000011000
1101110100010010010000111101
1110000111100110001111111011
1001100001011000011000000010
1010110111110110101010001010
1010101001111000101000001100
1110111100100101001011111011
1101000100000011100010001001
1101111100101010010001001101
1111110110001001101101001000
1000001000101001101000110111
1110110001111000000100001000
1100100010110011100011001110
1011001100101001101000111010
1000111001101010011110011110
1100101010100100010001101110
1001010011111010010000010100
1000100110010001111011111100
1000000100011001110000011000
1100110000010101101011011110
1110010011001100100000011011
1010111001100111111000011010
1010110011000100011100110100
1011001111110100010111011011
1010100101100110010001011010
1011100001001101100010000010
1111011100101000011100001011
1010110101000100000010110110
1110001011110000010000101001
1110111111110001001100001001
1101000111011010001010000000
1111011010000100111110110101
1100010010010000011011111011
1100101001111001000011110110
1101111000100000001011010110
1110110000101110001000011111
1100101001010000100100010110
1010000100010111011100101011
1100111111010101000010111001
1101100010010001010011100011
1011001111111110011010011101
1010100010001110101101101000
1111110111000101010111110010
1000010010000000111110001001
1101010010101101100011000011
1110011111101110011010111111
1000100100110010000011110101
1101100110001000001010101111
1100100011111100010100110011
1010000000111111101010011011
1001001001101000001111111000
1101000110100100010111001110
1110000011100001110001010010
1011011000110100011110100111
1111111010110001000111000000
1110011001100000101000001111
1000001001000110001111010110
1101001001100110011011100100
1101111010110010101000100001
1100011101010110001010011000
1010000011010110101010010011
1000111101101111100101000001
1111111101111101111000110000
1101100100010110000001110001
1000101001100111011010001110
1111111110111110000010001111
1010010111000110101110101001
1010110110111011011111011110
1110111011110011011101101100
1010101000001011011100011000
1100100101001011000110100101
1010001100111000001010101100
1100000001000111001101101001
1011101101110110111100011111
1000011100001101001010100110
1000000101001101001101000101
1101011100011111101111011101
1100100010100000011000000110
1010000010000010100011011101
1010010100010001000010101010
1101111000101100011110110100
1101101001000000001010111001
1010000000011100001111101000
1110011010110111111111011011
1011000110111000000101100111
1011110011000111111010101111
1000011100100100110100101110
1101100011111001100101110011
1110111100001011110100111101
1101000010100101111000100111
1101101100111110101100000100
1010001101111010011100001101
1111100101011011101010000011
1100010110011000001000011010
1000101001111101000000100111
1011000111001101100111101011
1011000100000110101000000001
1101001110101100111101111101
1100110110001001100101010100
1100100111001110101111011110
1100010111100000000110011100
1110001100000100101000111011
1001001010010011101001110100
1010001100100000011000001111
1010101011101110001011000110
1001111100100100110100011100
1010001110000000111011100000
1010010100111001101110101110
1100100101101101110111101010
1011101010100011101110110001
1101010011000111111000000011
1100101001110101001111110000
1001101100001111111011110000
1101011010111101000111100101
1010110011111100111110000001
1101111110001100100100111110
1101001001010110001111101100
1010101110010111110010111010
1011010001100100000101110010
1011111000100111011101101100
1100010001100001100011000010
1000100011001011001101010010
1010110111010011111110111101
1000000111110010001000101111
1110111101000110001001111010
1011011101110000111001111001
1011100000101010101000100001
1111101011000010101001100000
1011001110111010001010000010
1101010010011101110100100011
1010101000111111000100010100
1000100010011110011010110001
1100001101100111100010011011
1000011010111010110000100110
1001011100010100010001001001
1100000001001011000010110110
1100001111010001100101111110
1010111011010100100000011001
1000100110001111100111101000
1000100010000011111111000110
1000001001001101000010100000
1010011111000110110100110110
1101011010110010100110111010
1011001100001001100001110110
1001011001111000110111101001
1000100101101101000000010101
1110010100011111010101001111
1100010100001011011111100011
1010011111110011101010101110
1011010111010111101110000101
1100110111001100010101110011
1000101111010010110100111100
1111010001000010100110010010
1100100000111011100001100110
1001010111111001011000011101
1101111011110110101010110100
1101001000001101000100001111
1001100100000101011000000110
1001101000100000110101010001
1101101111110000111100110011
1110000110001111110001100011
1111011110110010110110101111
1110001101100011001011100101
1111111100110101000101111101
1100111100101001010100100001
1000101000000010010001000111
1101010011100000111000100101
1100100010101111000110011111
1101011100001010100011110111
1010101110110101110111000111
1000000100010101011110010111
1001001110111011011100110000
1011010001110001100000010011
1110011000001100010000000011
1111101001111100010011110111
1001010010111100110101100101
1010110110000011001000001100
1001011110000110000111101111
1111100010000110001000110100
1101000010011111011110011101
1100010100110110011001010000
1101000010010001011111111101
1111110100010101000001010101
1110110010010010001110011110
1101001011100100011001101000
1010001000010000001101010001
1110001011001111101011010100
1011100010100111011001101101
1010010011100101000000001100
1111001011110111101110000111
1101100100101110100111100111
1101100000110110010101100011
1001100100100111000101110101
1001000000101100100110011010
1001011110101100100100110100
1001010111101111000111100000
1000100100100000100010011000
1010111111001110010100001000
1101100000110100010101000001
1110000001011011101110001111
1011001011011001001111111101
1010110100110011101000110101
1001110011101011010111011110
1010001101011001011010110000
1001111101111001000111101011
1001000101011111011111100111
1011100100010000001000111111
1010100101111101100010011011
1000110100101010001100010000
1101101011110100000100111110
1010000011111100110110100010
1111000100110101010100111000
1111001011011101000001010101
1100111001110100101110100100
1111001111101110000101010000
1100111101110111011110010010
1010000010101011001101001111
1010010011010010101011111100
1100010101101000000111000110
1010110011100010011110110101
1100011111000010011110011111
1110111000010110010011001100
1100011100010100011111110110
1101100101000000110110111101
1101110011111100000111000010
1010100000000111101010100101
1111011111001001101001101111
1100101010100010110011110110
1110111110011001101011010010
1110000111000101100001011111
1011111110000000111110111010
1111100001110010010000111010
1110011101101100110010011000
1001111001110011110011100001
1100110011011101111101110010
1011101001111000101110001011
1000110110100011110100111010
1010001000001111000101110100
1010100111111111111101010011
1001001001100100010101000000
1100110001010010000110000101
1001110100101110010100000111
1100110101100011101101101001
1111110001111110011010011000
1010001100111100100011000100
1101100010000100010011001001
1000001001001101010010100111
1010010011111111111001110100
1100000101100011110101011011
1111101011101001010011011100
1101101000000110101110011110
1101001000111011011011000010
1101110001101101001110000001
1010100111000110010101111101
1101001010001001001011110100
1101001100011000000100000010
1110000100100011101010011111
1101110001101101111110000010
1000000000011100110001100111
1011011010101111011011000011
1101000111110010000100101101
1000011001011100111100100011
1100100011111101101101000110
1000110011001110111110100111
1010000011111000010110010101
1100001101000000010010110000
1000110000111010111000010000
1000101000000100011011000101
1000011000001010011110011100
1101101000101110010000110010
1110100000101000001010101000
1101111000100111111110001111
1010101001001110001010100100
1001000110101011011110010101
1000011010101000000100010100
1111011110111100011110111110
1111001000010011100101101101
1111010001100110011100100110
1001010110111111001100100111
1010101011011110011011110001
1011000100101111111001011001
1100011111001100011011011101
1110111111000011100110011110
1001100010101100001101100110
1000101001101000110001010101
1101001111100011110001100110
1001110100101011101100010000
1011001111100010000100000000
1001011010011110111011101101
1000101011011001101011010110
1111110101101011010100011111
1000010101101010111000011111
1111000100110111011100000100
1010110101110100110111110111
1011101110010100000010110000
1101100101101111001000011010
1011101110011001110110110111
1001001101011011001001101111
1100110110000110000110110101
1001110101100001101100100100
1000101110111110010101100101
1101110001011001111111000100
1110011101111110011111000100
1010001010111011101111010100
1000100111010110011000101100
1010110110010010000110101010
1010100110000001101011000110
1111000100111100010011010110
1101000111111100110000111011
1100011011000001100000101100
1000100111001000100101110000
1001000110001010010111001111
1001110000000001011111001110
1110101011000100101011100111
1001000111001110111011010011
1010101110110010110011111110
1101010111101010101010011111
1110111101100011100110110011
1100111010011110011100110011
1110011101110001100000011001
1100100110001100111111101011
1000100110001110111011101100
1111011110100010101001011010
1011110111110101101000100000
1100110100111000000000000111
1010110111001101110111101110
1100000101110001000111011011
1101010010011110001101011101
1001100001101010110001011110
1101110001000000000000011100
1100011011010011100111101110
1011100011000111000011110011
1000101001010000001111111100
1111111001011100011111100000
1001101100111000011000111010
1110101001000011010000111011
1000011101100101100100111100
1111000000001101001000100110
1101111001010011001101111111
1011101011100010110100110100
1101000010111001111110100011
1001010101011101000101101100
1010010110110100111001010001
1101011101101111000010000101
1110110000011100100010010110
1111000011000001111111000110
1011110001000001101101100110
1110100110001001100111100010
1011000010110101001100000100
1000010010010101111010001010
1111100001101001001000100010
1011001101010001100011110011
1001001011110000100111101110
1110110011111101000010111110
1000100011111101000101101111
1100111101111101100001010110
1101110111101010000011110001
1001101010011011000110101100
1011100100110011010110110000
1001110101100011111110010101
1110000111111101000100000001
1000101000101101101111100100
1001110001101111111111001111
1010001001010101100010010100
1110100110100001011101010111
1111100101011101101010111101
1000010001111000001001001100
1011111010111000110101110111
1010010000110011001111110001
1110001010010111110101101011
1000100111101110110000010100
1110010001101100111011101010
1011001010001001110010001011
1001011111101111110011011000
1011100101100010010100000010
1011100100110110101100110111
1011011101011111111000100100
1101111110110100000001101110
1001100101010111010010101000
1010011011001001110110110100
1110000100010001110110001000
1000100000100010110100101001
1011001111110111110110000010
1011101100011010110101110001
1010011110000110110000001000
1100110110010010010010111100
1000111100100111111100011001
1110011000101010001011110010
1100101110100011000100010011
1010111100010110100000100111
1111000011010000101111100100
1000110000101100011100001010
1001100101010011100110000110
1011010000001100101010011011
1001011101100110010011011111
1110101101111110100100001110
1000000010110001011111101111
1110011011001001001100010110
1110000011000101010010101000
1010011010001100001110010100
1110100010000110101110000001
1011101100010111100111111101
1110011001101111100010101011
1010110011111011111011110011
1111000100001100101110010000
1110011111011100101111011011
1001010000000011001001110100
1111101101101010111001000111
1110100010110010001110000100
1010011110100010011111110101
1000110100010111100001000000
1010000101010010101101000100
1100011000101110001011001011
1111100101000101011111101001
1101001111011110011011001001
1010011110010011000111000110
1011001110010010000110110110
1011100010010011010110011111
1100101100110000110100101001
1000000001111011111101110101
1011011101001100111111010011
1000110111100010011000001010
1010010100000001101001111110
1100111100010001000111101010
1000010111101000010000001111
1101000101000011010011001000
1111100011100011100111010011
1010101101101000011110010101
1010101101101010001000101111
1001001111110001110100111001
1001000000011100011010010111
1011011100001111011111101100
1110010111100110010000110011
1011010001010011101000010010
1010000001101011001101011100
1011000010100001111101110100
1101010001111001011010101000
1000110010000111100001000100
1001011111001111001110110101
1001101001111001111010111010
1101110100100101000101110000
1110111111101111111101110001
1011000110110010001000110111
1100010101111111011110101001
1101001111011100011000010001
1001010110110110101110101001
1010100000000100000001100000
1010011001011001010110101000
1100001100001000001110010010
1000111100111100111001011010
1100010111001011100101110101
1110011111100101010001011110
1000111010101010010001110011
1111111000011101111011110110
1101000001001010010011010111
1100001011010101001110111100
1001010110100100110011101110
1110100000000100111110110100
1101001100111100101011010110
